function data()
return {
	times = {0, 83.333, 125, 166.667, 208.333, 250, 291.667, 333.333, 375, 416.667, 458.333, 500, 541.667, 583.333, 625, 666.667, 708.333, 750, 791.667, 833.333, 875, 916.667, 958.333, 1000, 1041.667, 1083.333, 1125, 1166.667, 1208.333, 1250, 1291.667, 1333.333, 1375, 1416.667, 1458.333, 1500, 1541.667, 1583.333, 1625, 1666.667, 1708.333, 1750, 1791.667, 1833.333, 1875, 1916.667, 1958.333, 2000, 2041.667, 2083.333, 2125, 2166.667, 2208.333, 4166.667, },
	transfs = {
		{ 1, 0, 0, 0, 0, 0.99993449449539, 0.011446581222117, 0, 0, -0.011446581222117, 0.99993449449539, 0, 0, 0, 0, 1, },
		{ 1, 0, 0, 0, 0, 0.99900233745575, 0.044658228754997, 0, 0, -0.044658228754997, 0.99900233745575, 0, 0, 0, 0, 1, },
		{ 1, 0, 0, 0, 0, 0.9952010512352, 0.097850620746613, 0, 0, -0.097850620746613, 0.9952010512352, 0, 0, 0, 0, 1, },
		{ 1, 0, 0, 0, 0, 0.98562222719193, 0.16896405816078, 0, 0, -0.16896405816078, 0.98562222719193, 0, 0, 0, 0, 1, },
		{ 1, 0, 0, 0, 0, 0.96682178974152, 0.25545179843903, 0, 0, -0.25545179843903, 0.96682178974152, 0, 0, 0, 0, 1, },
		{ 1, 0, 0, 0, 0, 0.93520963191986, 0.35409432649612, 0, 0, -0.35409432649612, 0.93520963191986, 0, 0, 0, 0, 1, },
		{ 1, 0, 0, 0, 0, 0.8874568939209, 0.46089074015617, 0, 0, -0.46089074015617, 0.8874568939209, 0, 0, 0, 0, 1, },
		{ 1, 0, 0, 0, 0, 0.82090449333191, 0.57106554508209, 0, 0, -0.57106554508209, 0.82090449333191, 0, 0, 0, 0, 1, },
		{ 1, 0, 0, 0, 0, 0.73394250869751, 0.67921161651611, 0, 0, -0.67921161651611, 0.73394250869751, 0, 0, 0, 0, 1, },
		{ 1, 0, 0, 0, 0, 0.62631356716156, 0.77957117557526, 0, 0, -0.77957117557526, 0.62631356716156, 0, 0, 0, 0, 1, },
		{ 1, 0, 0, 0, 0, 0.49929487705231, 0.86643213033676, 0, 0, -0.86643213033676, 0.49929487705231, 0, 0, 0, 0, 1, },
		{ 1, 0, 0, 0, 0, 0.35572385787964, 0.93459105491638, 0, 0, -0.93459105491638, 0.35572385787964, 0, 0, 0, 0, 1, },
		{ 1, 0, 0, 0, 0, 0.19984248280525, 0.97982800006866, 0, 0, -0.97982800006866, 0.19984248280525, 0, 0, 0, 0, 1, },
		{ 1, 0, 0, 0, 0, 0.036974616348743, 0.99931621551514, 0, 0, -0.99931621551514, 0.036974616348743, 0, 0, 0, 0, 1, },
		{ 1, 0, 0, 0, 0, -0.12693984806538, 0.99191039800644, 0, 0, -0.99191039800644, -0.12693984806538, 0, 0, 0, 0, 1, },
		{ 1, 0, 0, 0, 0, -0.28588509559631, 0.95826387405396, 0, 0, -0.95826387405396, -0.28588509559631, 0, 0, 0, 0, 1, },
		{ 1, 0, 0, 0, 0, -0.4343221783638, 0.90075761079788, 0, 0, -0.90075761079788, -0.4343221783638, 0, 0, 0, 0, 1, },
		{ 1, 0, 0, 0, 0, -0.56767570972443, 0.82325226068497, 0, 0, -0.82325226068497, -0.56767570972443, 0, 0, 0, 0, 1, },
		{ 1, 0, 0, 0, 0, -0.68269181251526, 0.73070639371872, 0, 0, -0.73070639371872, -0.68269181251526, 0, 0, 0, 0, 1, },
		{ 1, 0, 0, 0, 0, -0.77763563394547, 0.62871521711349, 0, 0, -0.62871521711349, -0.77763563394547, 0, 0, 0, 0, 1, },
		{ 1, 0, 0, 0, 0, -0.85230433940887, 0.5230461359024, 0, 0, -0.5230461359024, -0.85230433940887, 0, 0, 0, 0, 1, },
		{ 1, 0, 0, 0, 0, -0.90788352489471, 0.41922241449356, 0, 0, -0.41922241449356, -0.90788352489471, 0, 0, 0, 0, 1, },
		{ 1, 0, 0, 0, 0, -0.94666415452957, 0.32222187519073, 0, 0, -0.32222187519073, -0.94666415452957, 0, 0, 0, 0, 1, },
		{ 1, 0, 0, 0, 0, -0.97168076038361, 0.23629727959633, 0, 0, -0.23629727959633, -0.97168076038361, 0, 0, 0, 0, 1, },
		{ 1, 0, 0, 0, 0, -0.98630452156067, 0.16493466496468, 0, 0, -0.16493466496468, -0.98630452156067, 0, 0, 0, 0, 1, },
		{ 1, 0, 0, 0, 0, -0.99389952421188, 0.1102891638875, 0, 0, -0.1102891638875, -0.99389952421188, 0, 0, 0, 0, 1, },
		{ 1, 0, 0, 0, 0, -0.99744814634323, 0.071394748985767, 0, 0, -0.071394748985767, -0.99744814634323, 0, 0, 0, 0, 1, },
		{ 1, 0, 0, 0, 0, -0.99892830848694, 0.046284377574921, 0, 0, -0.046284377574921, -0.99892830848694, 0, 0, 0, 0, 1, },
		{ 1, 0, 0, 0, 0, -0.99946111440659, 0.032822620123625, 0, 0, -0.032822620123625, -0.99946111440659, 0, 0, 0, 0, 1, },
		{ 1, 0, 0, 0, 0, -0.99958431720734, 0.028830848634243, 0, 0, -0.028830848634243, -0.99958431720734, 0, 0, 0, 0, 1, },
		{ 1, 0, 0, 0, 0, -0.99927371740341, 0.038104336708784, 0, 0, -0.038104336708784, -0.99927371740341, 0, 0, 0, 0, 1, },
		{ 1, 0, 0, 0, 0, -0.99818634986877, 0.060199491679668, 0, 0, -0.060199491679668, -0.99818634986877, 0, 0, 0, 0, 1, },
		{ 1, 0, 0, 0, 0, -0.996248960495, 0.086533315479755, 0, 0, -0.086533315479755, -0.996248960495, 0, 0, 0, 0, 1, },
		{ 1, 0, 0, 0, 0, -0.99409091472626, 0.10855051130056, 0, 0, -0.10855051130056, -0.99409091472626, 0, 0, 0, 0, 1, },
		{ 1, 0, 0, 0, 0, -0.99304103851318, 0.11776880174875, 0, 0, -0.11776880174875, -0.99304103851318, 0, 0, 0, 0, 1, },
		{ 1, 0, 0, 0, 0, -0.99409091472626, 0.10855051130056, 0, 0, -0.10855051130056, -0.99409091472626, 0, 0, 0, 0, 1, },
		{ 1, 0, 0, 0, 0, -0.996248960495, 0.086533315479755, 0, 0, -0.086533315479755, -0.996248960495, 0, 0, 0, 0, 1, },
		{ 1, 0, 0, 0, 0, -0.99818634986877, 0.060199491679668, 0, 0, -0.060199491679668, -0.99818634986877, 0, 0, 0, 0, 1, },
		{ 1, 0, 0, 0, 0, -0.99927371740341, 0.038104336708784, 0, 0, -0.038104336708784, -0.99927371740341, 0, 0, 0, 0, 1, },
		{ 1, 0, 0, 0, 0, -0.99958431720734, 0.028830848634243, 0, 0, -0.028830848634243, -0.99958431720734, 0, 0, 0, 0, 1, },
		{ 1, 0, 0, 0, 0, -0.99937200546265, 0.035434193909168, 0, 0, -0.035434193909168, -0.99937200546265, 0, 0, 0, 0, 1, },
		{ 1, 0, 0, 0, 0, -0.99865031242371, 0.051937025040388, 0, 0, -0.051937025040388, -0.99865031242371, 0, 0, 0, 0, 1, },
		{ 1, 0, 0, 0, 0, -0.99730461835861, 0.073371477425098, 0, 0, -0.073371477425098, -0.99730461835861, 0, 0, 0, 0, 1, },
		{ 1, 0, 0, 0, 0, -0.99549907445908, 0.094771549105644, 0, 0, -0.094771549105644, -0.99549907445908, 0, 0, 0, 0, 1, },
		{ 1, 0, 0, 0, 0, -0.99379754066467, 0.11120469868183, 0, 0, -0.11120469868183, -0.99379754066467, 0, 0, 0, 0, 1, },
		{ 1, 0, 0, 0, 0, -0.99304103851318, 0.11776880174875, 0, 0, -0.11776880174875, -0.99304103851318, 0, 0, 0, 0, 1, },
		{ 1, 0, 0, 0, 0, -0.99348527193069, 0.11396047472954, 0, 0, -0.11396047472954, -0.99348527193069, 0, 0, 0, 0, 1, },
		{ 1, 0, 0, 0, 0, -0.99458611011505, 0.10391529649496, 0, 0, -0.10391529649496, -0.99458611011505, 0, 0, 0, 0, 1, },
		{ 1, 0, 0, 0, 0, -0.99596929550171, 0.089694671332836, 0, 0, -0.089694671332836, -0.99596929550171, 0, 0, 0, 0, 1, },
		{ 1, 0, 0, 0, 0, -0.99730461835861, 0.073371738195419, 0, 0, -0.073371738195419, -0.99730461835861, 0, 0, 0, 0, 1, },
		{ 1, 0, 0, 0, 0, -0.99837249517441, 0.057028599083424, 0, 0, -0.057028599083424, -0.99837249517441, 0, 0, 0, 0, 1, },
		{ 1, 0, 0, 0, 0, -0.99908542633057, 0.042757593095303, 0, 0, -0.042757593095303, -0.99908542633057, 0, 0, 0, 0, 1, },
		{ 1, 0, 0, 0, 0, -0.99946659803391, 0.032657597213984, 0, 0, -0.032657597213984, -0.99946659803391, 0, 0, 0, 0, 1, },
		{ 1, 0, 0, 0, 0, -0.99958431720734, 0.028830848634243, 0, 0, -0.028830848634243, -0.99958431720734, 0, 0, 0, 0, 1, },
	},
}
end
