function data()
return {
	times = {0, 83.333, 125, 166.667, 208.333, 250, 291.667, 333.333, 375, 416.667, 458.333, 500, 541.667, 583.333, 625, 666.667, 708.333, 750, 791.667, 833.333, 875, 916.667, 958.333, 1000, 1041.667, 1083.333, 1125, 1166.667, 1208.333, 1250, 1291.667, 1333.333, 1375, 1416.667, 1458.333, 1500, 1541.667, 1583.333, 1625, 1666.667, 1708.333, 1750, 1791.667, 1833.333, 1875, 1916.667, 4166.667, },
	transfs = {
		{ 1, 0, 0, 0, 0, 0.99989295005798, -0.014626799151301, 0, 0, 0.014626799151301, 0.99989295005798, 0, 0, 0, 0, 1, },
		{ 1, 0, 0, 0, 0, 0.99838125705719, -0.056875571608543, 0, 0, 0.056875571608543, 0.99838125705719, 0, 0, 0, 0, 1, },
		{ 1, 0, 0, 0, 0, 0.99226820468903, -0.12411154806614, 0, 0, 0.12411154806614, 0.99226820468903, 0, 0, 0, 0, 1, },
		{ 1, 0, 0, 0, 0, 0.97701877355576, -0.21315316855907, 0, 0, 0.21315316855907, 0.97701877355576, 0, 0, 0, 0, 1, },
		{ 1, 0, 0, 0, 0, 0.94745641946793, -0.31988495588303, 0, 0, 0.31988495588303, 0.94745641946793, 0, 0, 0, 0, 1, },
		{ 1, 0, 0, 0, 0, 0.8985031247139, -0.43896716833115, 0, 0, 0.43896716833115, 0.8985031247139, 0, 0, 0, 0, 1, },
		{ 1, 0, 0, 0, 0, 0.82594573497772, -0.56374955177307, 0, 0, 0.56374955177307, 0.82594573497772, 0, 0, 0, 0, 1, },
		{ 1, 0, 0, 0, 0, 0.72716504335403, -0.68646264076233, 0, 0, 0.68646264076233, 0.72716504335403, 0, 0, 0, 0, 1, },
		{ 1, 0, 0, 0, 0, 0.60173255205154, -0.79869765043259, 0, 0, 0.79869765043259, 0.60173255205154, 0, 0, 0, 0, 1, },
		{ 1, 0, 0, 0, 0, 0.45176082849503, -0.89213901758194, 0, 0, 0.89213901758194, 0.45176082849503, 0, 0, 0, 0, 1, },
		{ 1, 0, 0, 0, 0, 0.2819217145443, -0.95943742990494, 0, 0, 0.95943742990494, 0.2819217145443, 0, 0, 0, 0, 1, },
		{ 1, 0, 0, 0, 0, 0.099085040390491, -0.9950789809227, 0, 0, 0.9950789809227, 0.099085040390491, 0, 0, 0, 0, 1, },
		{ 1, 0, 0, 0, 0, -0.088387474417686, -0.99608618021011, 0, 0, 0.99608618021011, -0.088387474417686, 0, 0, 0, 0, 1, },
		{ 1, 0, 0, 0, 0, -0.27159616351128, -0.96241122484207, 0, 0, 0.96241122484207, -0.27159616351128, 0, 0, 0, 0, 1, },
		{ 1, 0, 0, 0, 0, -0.44214859604836, -0.89694178104401, 0, 0, 0.89694178104401, -0.44214859604836, 0, 0, 0, 0, 1, },
		{ 1, 0, 0, 0, 0, -0.5931156873703, -0.80511718988419, 0, 0, 0.80511718988419, -0.5931156873703, 0, 0, 0, 0, 1, },
		{ 1, 0, 0, 0, 0, -0.7197470664978, -0.69423639774323, 0, 0, 0.69423639774323, -0.7197470664978, 0, 0, 0, 0, 1, },
		{ 1, 0, 0, 0, 0, -0.81984066963196, -0.57259172201157, 0, 0, 0.57259172201157, -0.81984066963196, 0, 0, 0, 0, 1, },
		{ 1, 0, 0, 0, 0, -0.89373457431793, -0.44859600067139, 0, 0, 0.44859600067139, -0.89373457431793, 0, 0, 0, 0, 1, },
		{ 1, 0, 0, 0, 0, -0.94396442174911, -0.33004713058472, 0, 0, 0.33004713058472, -0.94396442174911, 0, 0, 0, 0, 1, },
		{ 1, 0, 0, 0, 0, -0.9746720790863, -0.22363886237144, 0, 0, 0.22363886237144, -0.9746720790863, 0, 0, 0, 0, 1, },
		{ 1, 0, 0, 0, 0, -0.99087756872177, -0.134765163064, 0, 0, 0.134765163064, -0.99087756872177, 0, 0, 0, 0, 1, },
		{ 1, 0, 0, 0, 0, -0.99771249294281, -0.067600421607494, 0, 0, 0.067600421607494, -0.99771249294281, 0, 0, 0, 0, 1, },
		{ 1, 0, 0, 0, 0, -0.99967813491821, -0.02537027746439, 0, 0, 0.02537027746439, -0.99967813491821, 0, 0, 0, 0, 1, },
		{ 1, 0, 0, 0, 0, -0.99994224309921, -0.010744849219918, 0, 0, 0.010744849219918, -0.99994224309921, 0, 0, 0, 0, 1, },
		{ 1, 0, 0, 0, 0, -0.99961811304092, -0.027633966878057, 0, 0, 0.027633966878057, -0.99961811304092, 0, 0, 0, 0, 1, },
		{ 1, 0, 0, 0, 0, -0.99769353866577, -0.067878074944019, 0, 0, 0.067878074944019, -0.99769353866577, 0, 0, 0, 0, 1, },
		{ 1, 0, 0, 0, 0, -0.99327683448792, -0.11576341092587, 0, 0, 0.11576341092587, -0.99327683448792, 0, 0, 0, 0, 1, },
		{ 1, 0, 0, 0, 0, -0.98780745267868, -0.15568029880524, 0, 0, 0.15568029880524, -0.98780745267868, 0, 0, 0, 0, 1, },
		{ 1, 0, 0, 0, 0, -0.98503613471985, -0.17234794795513, 0, 0, 0.17234794795513, -0.98503613471985, 0, 0, 0, 0, 1, },
		{ 1, 0, 0, 0, 0, -0.98722362518311, -0.15934059023857, 0, 0, 0.15934059023857, -0.98722362518311, 0, 0, 0, 0, 1, },
		{ 1, 0, 0, 0, 0, -0.99174565076828, -0.12822052836418, 0, 0, 0.12822052836418, -0.99174565076828, 0, 0, 0, 0, 1, },
		{ 1, 0, 0, 0, 0, -0.99585920572281, -0.090908885002136, 0, 0, 0.090908885002136, -0.99585920572281, 0, 0, 0, 0, 1, },
		{ 1, 0, 0, 0, 0, -0.99822515249252, -0.059552438557148, 0, 0, 0.059552438557148, -0.99822515249252, 0, 0, 0, 0, 1, },
		{ 1, 0, 0, 0, 0, -0.9989241361618, -0.046374827623367, 0, 0, 0.046374827623367, -0.9989241361618, 0, 0, 0, 0, 1, },
		{ 1, 0, 0, 0, 0, -0.99853986501694, -0.054019350558519, 0, 0, 0.054019350558519, -0.99853986501694, 0, 0, 0, 0, 1, },
		{ 1, 0, 0, 0, 0, -0.99738866090775, -0.072220854461193, 0, 0, 0.072220854461193, -0.99738866090775, 0, 0, 0, 0, 1, },
		{ 1, 0, 0, 0, 0, -0.99558019638062, -0.093914657831192, 0, 0, 0.093914657831192, -0.99558019638062, 0, 0, 0, 0, 1, },
		{ 1, 0, 0, 0, 0, -0.99370163679123, -0.11205793172121, 0, 0, 0.11205793172121, -0.99370163679123, 0, 0, 0, 0, 1, },
		{ 1, 0, 0, 0, 0, -0.99281549453735, -0.11965553462505, 0, 0, 0.11965553462505, -0.99281549453735, 0, 0, 0, 0, 1, },
		{ 1, 0, 0, 0, 0, -0.99360477924347, -0.1129137352109, 0, 0, 0.1129137352109, -0.99360477924347, 0, 0, 0, 0, 1, },
		{ 1, 0, 0, 0, 0, -0.99537754058838, -0.096039533615112, 0, 0, 0.096039533615112, -0.99537754058838, 0, 0, 0, 0, 1, },
		{ 1, 0, 0, 0, 0, -0.99725359678268, -0.0740617364645, 0, 0, 0.0740617364645, -0.99725359678268, 0, 0, 0, 0, 1, },
		{ 1, 0, 0, 0, 0, -0.99864453077316, -0.052047662436962, 0, 0, 0.052047662436962, -0.99864453077316, 0, 0, 0, 0, 1, },
		{ 1, 0, 0, 0, 0, -0.9993839263916, -0.035095918923616, 0, 0, 0.035095918923616, -0.9993839263916, 0, 0, 0, 0, 1, },
		{ 1, 0, 0, 0, 0, -0.99959921836853, -0.028308816254139, 0, 0, 0.028308816254139, -0.99959921836853, 0, 0, 0, 0, 1, },
		{ 1, 0, 0, 0, 0, -0.99959921836853, -0.028308816254139, 0, 0, 0.028308816254139, -0.99959921836853, 0, 0, 0, 0, 1, },
	},
}
end
