function data()
return {
	times = { 0, 83.333, 125, 166.667, 208.333, 250, 291.667, 333.333, 375, 416.667, 458.333, 500, 541.667, 583.333, 625, 666.667, 708.333, 750, 791.667, 833.333, 875, 916.667, 958.333, 1000, 1041.667, 1083.333, 1125, 1166.667, 1208.333, 1250, 3333.333, },
	transfs = {
		{ 1, 0, 0, 0, 0, 0.99995517730713, 0.009466833434999, 0, 0, -0.009466833434999, 0.99995517730713, 0, 0, 0, 0, 1, },
		{ 1, 0, 0, 0, 0, 0.99931526184082, 0.036998827010393, 0, 0, -0.036998827010393, 0.99931526184082, 0, 0, 0, 0, 1, },
		{ 1, 0, 0, 0, 0, 0.99669450521469, 0.081240303814411, 0, 0, -0.081240303814411, 0.99669450521469, 0, 0, 0, 0, 1, },
		{ 1, 0, 0, 0, 0, 0.99005568027496, 0.14067585766315, 0, 0, -0.14067585766315, 0.99005568027496, 0, 0, 0, 0, 1, },
		{ 1, 0, 0, 0, 0, 0.97694247961044, 0.21350234746933, 0, 0, -0.21350234746933, 0.97694247961044, 0, 0, 0, 0, 1, },
		{ 1, 0, 0, 0, 0, 0.95471900701523, 0.29750907421112, 0, 0, -0.29750907421112, 0.95471900701523, 0, 0, 0, 0, 1, },
		{ 1, 0, 0, 0, 0, 0.92081737518311, 0.38999405503273, 0, 0, -0.38999405503273, 0.92081737518311, 0, 0, 0, 0, 1, },
		{ 1, 0, 0, 0, 0, 0.87299066781998, 0.48773688077927, 0, 0, -0.48773688077927, 0.87299066781998, 0, 0, 0, 0, 1, },
		{ 1, 0, 0, 0, 0, 0.80955523252487, 0.58704376220703, 0, 0, -0.58704376220703, 0.80955523252487, 0, 0, 0, 0, 1, },
		{ 1, 0, 0, 0, 0, 0.72960311174393, 0.68387079238892, 0, 0, -0.68387079238892, 0.72960311174393, 0, 0, 0, 0, 1, },
		{ 1, 0, 0, 0, 0, 0.63316404819489, 0.7740176320076, 0, 0, -0.7740176320076, 0.63316404819489, 0, 0, 0, 0, 1, },
		{ 1, 0, 0, 0, 0, 0.52129089832306, 0.85337907075882, 0, 0, -0.85337907075882, 0.52129089832306, 0, 0, 0, 0, 1, },
		{ 1, 0, 0, 0, 0, 0.39605715870857, 0.91822576522827, 0, 0, -0.91822576522827, 0.39605715870857, 0, 0, 0, 0, 1, },
		{ 1, 0, 0, 0, 0, 0.26045456528664, 0.96548610925674, 0, 0, -0.96548610925674, 0.26045456528664, 0, 0, 0, 0, 1, },
		{ 1, 0, 0, 0, 0, 0.11819907277822, 0.99298989772797, 0, 0, -0.99298989772797, 0.11819907277822, 0, 0, 0, 0, 1, },
		{ 1, 0, 0, 0, 0, -0.026537414640188, 0.99964773654938, 0, 0, -0.99964773654938, -0.026537414640188, 0, 0, 0, 0, 1, },
		{ 1, 0, 0, 0, 0, -0.1694450378418, 0.98553961515427, 0, 0, -0.98553961515427, -0.1694450378418, 0, 0, 0, 0, 1, },
		{ 1, 0, 0, 0, 0, -0.30640184879303, 0.95190227031708, 0, 0, -0.95190227031708, -0.30640184879303, 0, 0, 0, 0, 1, },
		{ 1, 0, 0, 0, 0, -0.43377840518951, 0.90101957321167, 0, 0, -0.90101957321167, -0.43377840518951, 0, 0, 0, 0, 1, },
		{ 1, 0, 0, 0, 0, -0.54868394136429, 0.83602982759476, 0, 0, -0.83602982759476, -0.54868394136429, 0, 0, 0, 0, 1, },
		{ 1, 0, 0, 0, 0, -0.64913088083267, 0.76067674160004, 0, 0, -0.76067674160004, -0.64913088083267, 0, 0, 0, 0, 1, },
		{ 1, 0, 0, 0, 0, -0.73410552740097, 0.67903536558151, 0, 0, -0.67903536558151, -0.73410552740097, 0, 0, 0, 0, 1, },
		{ 1, 0, 0, 0, 0, -0.80353987216949, 0.59525084495544, 0, 0, -0.59525084495544, -0.80353987216949, 0, 0, 0, 0, 1, },
		{ 1, 0, 0, 0, 0, -0.85820472240448, 0.51330757141113, 0, 0, -0.51330757141113, -0.85820472240448, 0, 0, 0, 0, 1, },
		{ 1, 0, 0, 0, 0, -0.89952701330185, 0.4368651509285, 0, 0, -0.4368651509285, -0.89952701330185, 0, 0, 0, 0, 1, },
		{ 1, 0, 0, 0, 0, -0.92936903238297, 0.36915203928947, 0, 0, -0.36915203928947, -0.92936903238297, 0, 0, 0, 0, 1, },
		{ 1, 0, 0, 0, 0, -0.94977420568466, 0.31293591856956, 0, 0, -0.31293591856956, -0.94977420568466, 0, 0, 0, 0, 1, },
		{ 1, 0, 0, 0, 0, -0.96270728111267, 0.27054500579834, 0, 0, -0.27054500579834, -0.96270728111267, 0, 0, 0, 0, 1, },
		{ 1, 0, 0, 0, 0, -0.96979212760925, 0.24393254518509, 0, 0, -0.24393254518509, -0.96979212760925, 0, 0, 0, 0, 1, },
		{ 1, 0, 0, 0, 0, -0.9720578789711, 0.23474122583866, 0, 0, -0.23474122583866, -0.9720578789711, 0, 0, 0, 0, 1, },
		{ 1, 0, 0, 0, 0, -0.9720578789711, 0.23474122583866, 0, 0, -0.23474122583866, -0.9720578789711, 0, 0, 0, 0, 1, },
	},
}
end
