function data()
return {
	times = { 0, 83.333, 125, 166.667, 208.333, 250, 291.667, 333.333, 375, 416.667, 458.333, 500, 541.667, 583.333, 625, 666.667, 708.333, 750, 791.667, 833.333, 875, 916.667, 958.333, 1000, 1041.667, 1083.333, 1125, 1166.667, 1208.333, 1250, 3333.333, },
	transfs = {
		{ 1, 0, 0, 0, 0, 0.99995285272598, -0.0097013991326094, 0, 0, 0.0097013991326094, 0.99995285272598, 0, 0, 0, 0, 1, },
		{ 1, 0, 0, 0, 0, 0.99928098917007, -0.037915151566267, 0, 0, 0.037915151566267, 0.99928098917007, 0, 0, 0, 0, 1, },
		{ 1, 0, 0, 0, 0, 0.99652874469757, -0.083248674869537, 0, 0, 0.083248674869537, 0.99652874469757, 0, 0, 0, 0, 1, },
		{ 1, 0, 0, 0, 0, 0.98955762386322, -0.14413748681545, 0, 0, 0.14413748681545, 0.98955762386322, 0, 0, 0, 0, 1, },
		{ 1, 0, 0, 0, 0, 0.97579044103622, -0.2187075316906, 0, 0, 0.2187075316906, 0.97579044103622, 0, 0, 0, 0, 1, },
		{ 1, 0, 0, 0, 0, 0.95246535539627, -0.30464684963226, 0, 0, 0.30464684963226, 0.95246535539627, 0, 0, 0, 0, 1, },
		{ 1, 0, 0, 0, 0, 0.91690057516098, -0.39911550283432, 0, 0, 0.39911550283432, 0.91690057516098, 0, 0, 0, 0, 1, },
		{ 1, 0, 0, 0, 0, 0.86676394939423, -0.4987185895443, 0, 0, 0.4987185895443, 0.86676394939423, 0, 0, 0, 0, 1, },
		{ 1, 0, 0, 0, 0, 0.8003317117691, -0.59955739974976, 0, 0, 0.59955739974976, 0.8003317117691, 0, 0, 0, 0, 1, },
		{ 1, 0, 0, 0, 0, 0.71671628952026, -0.69736486673355, 0, 0, 0.69736486673355, 0.71671628952026, 0, 0, 0, 0, 1, },
		{ 1, 0, 0, 0, 0, 0.61603665351868, -0.78771740198135, 0, 0, 0.78771740198135, 0.61603665351868, 0, 0, 0, 0, 1, },
		{ 1, 0, 0, 0, 0, 0.49950638413429, -0.86631017923355, 0, 0, 0.86631017923355, 0.49950638413429, 0, 0, 0, 0, 1, },
		{ 1, 0, 0, 0, 0, 0.36942279338837, -0.92926144599915, 0, 0, 0.92926144599915, 0.36942279338837, 0, 0, 0, 0, 1, },
		{ 1, 0, 0, 0, 0, 0.22904898226261, -0.9734148979187, 0, 0, 0.9734148979187, 0.22904898226261, 0, 0, 0, 0, 1, },
		{ 1, 0, 0, 0, 0, 0.082396827638149, -0.99659961462021, 0, 0, 0.99659961462021, 0.082396827638149, 0, 0, 0, 0, 1, },
		{ 1, 0, 0, 0, 0, -0.066071599721909, -0.99781489372253, 0, 0, 0.99781489372253, -0.066071599721909, 0, 0, 0, 0, 1, },
		{ 1, 0, 0, 0, 0, -0.21179066598415, -0.97731500864029, 0, 0, 0.97731500864029, -0.21179066598415, 0, 0, 0, 0, 1, },
		{ 1, 0, 0, 0, 0, -0.35044673085213, -0.93658268451691, 0, 0, 0.93658268451691, -0.35044673085213, 0, 0, 0, 0, 1, },
		{ 1, 0, 0, 0, 0, -0.47830212116241, -0.87819534540176, 0, 0, 0.87819534540176, -0.47830212116241, 0, 0, 0, 0, 1, },
		{ 1, 0, 0, 0, 0, -0.59245353937149, -0.80560457706451, 0, 0, 0.80560457706451, -0.59245353937149, 0, 0, 0, 0, 1, },
		{ 1, 0, 0, 0, 0, -0.69099652767181, -0.72285807132721, 0, 0, 0.72285807132721, -0.69099652767181, 0, 0, 0, 0, 1, },
		{ 1, 0, 0, 0, 0, -0.77308833599091, -0.63429838418961, 0, 0, 0.63429838418961, -0.77308833599091, 0, 0, 0, 0, 1, },
		{ 1, 0, 0, 0, 0, -0.83890229463577, -0.54428207874298, 0, 0, 0.54428207874298, -0.83890229463577, 0, 0, 0, 0, 1, },
		{ 1, 0, 0, 0, 0, -0.88949930667877, -0.45693656802177, 0, 0, 0.45693656802177, -0.88949930667877, 0, 0, 0, 0, 1, },
		{ 1, 0, 0, 0, 0, -0.92662143707275, -0.37599560618401, 0, 0, 0.37599560618401, -0.92662143707275, 0, 0, 0, 0, 1, },
		{ 1, 0, 0, 0, 0, -0.95244860649109, -0.30469918251038, 0, 0, 0.30469918251038, -0.95244860649109, 0, 0, 0, 0, 1, },
		{ 1, 0, 0, 0, 0, -0.96932512521744, -0.24578207731247, 0, 0, 0.24578207731247, -0.96932512521744, 0, 0, 0, 0, 1, },
		{ 1, 0, 0, 0, 0, -0.97948527336121, -0.20151573419571, 0, 0, 0.20151573419571, -0.97948527336121, 0, 0, 0, 0, 1, },
		{ 1, 0, 0, 0, 0, -0.9847816824913, -0.17379583418369, 0, 0, 0.17379583418369, -0.9847816824913, 0, 0, 0, 0, 1, },
		{ 1, 0, 0, 0, 0, -0.98642146587372, -0.16423355042934, 0, 0, 0.16423355042934, -0.98642146587372, 0, 0, 0, 0, 1, },
		{ 1, 0, 0, 0, 0, -0.98642146587372, -0.16423355042934, 0, 0, 0.16423355042934, -0.98642146587372, 0, 0, 0, 0, 1, },
	},
}
end
