function data()
return {
	times = { 0, 83.333, 125, 166.667, 208.333, 250, 291.667, 333.333, 375, 416.667, 458.333, 500, 541.667, 583.333, 625, 666.667, 708.333, 750, 791.667, 833.333, 875, 916.667, 958.333, 1000, 1041.667, 3333.333, },
	transfs = {
		{ 0.99991244077682, 0, -0.013227225281298, 0, 0, 1, 0, 0, 0.013227225281298, 0, 0.99991244077682, 0, 0, 0, 0, 1, },
		{ 0.99867618083954, 0, -0.051438126713037, 0, 0, 1, 0, 0, 0.051438126713037, 0, 0.99867618083954, 0, 0, 0, 0, 1, },
		{ 0.99367564916611, 0, -0.1122879832983, 0, 0, 1, 0, 0, 0.1122879832983, 0, 0.99367564916611, 0, 0, 0, 0, 1, },
		{ 0.98119330406189, 0, -0.19302733242512, 0, 0, 1, 0, 0, 0.19302733242512, 0, 0.98119330406189, 0, 0, 0, 0, 1, },
		{ 0.95696187019348, 0, -0.29021373391151, 0, 0, 1, 0, 0, 0.29021373391151, 0, 0.95696187019348, 0, 0, 0, 0, 1, },
		{ 0.91673702001572, 0, -0.39949128031731, 0, 0, 1, 0, 0, 0.39949128031731, 0, 0.91673702001572, 0, 0, 0, 0, 1, },
		{ 0.85688132047653, 0, -0.5155137181282, 0, 0, 1, 0, 0, 0.5155137181282, 0, 0.85688132047653, 0, 0, 0, 0, 1, },
		{ 0.77491748332977, 0, -0.6320623755455, 0, 0, 1, 0, 0, 0.6320623755455, 0, 0.77491748332977, 0, 0, 0, 0, 1, },
		{ 0.66998994350433, 0, -0.74237018823624, 0, 0, 1, 0, 0, 0.74237018823624, 0, 0.66998994350433, 0, 0, 0, 0, 1, },
		{ 0.54315972328186, 0, -0.83962941169739, 0, 0, 1, 0, 0, 0.83962941169739, 0, 0.54315972328186, 0, 0, 0, 0, 1, },
		{ 0.3974717259407, 0, -0.91761434078217, 0, 0, 1, 0, 0, 0.91761434078217, 0, 0.3974717259407, 0, 0, 0, 0, 1, },
		{ 0.23776362836361, 0, -0.97132307291031, 0, 0, 1, 0, 0, 0.97132307291031, 0, 0.23776362836361, 0, 0, 0, 0, 1, },
		{ 0.070220187306404, 0, -0.99753153324127, 0, 0, 1, 0, 0, 0.99753153324127, 0, 0.070220187306404, 0, 0, 0, 0, 1, },
		{ -0.098260432481766, 0, -0.99516075849533, 0, 0, 1, 0, 0, 0.99516075849533, 0, -0.098260432481766, 0, 0, 0, 0, 1, },
		{ -0.26080375909805, 0, -0.96539175510406, 0, 0, 1, 0, 0, 0.96539175510406, 0, -0.26080375909805, 0, 0, 0, 0, 1, },
		{ -0.41127702593803, 0, -0.91151034832001, 0, 0, 1, 0, 0, 0.91151034832001, 0, -0.41127702593803, 0, 0, 0, 0, 1, },
		{ -0.54487854242325, 0, -0.83851498365402, 0, 0, 1, 0, 0, 0.83851498365402, 0, -0.54487854242325, 0, 0, 0, 0, 1, },
		{ -0.65851825475693, 0, -0.75256472826004, 0, 0, 1, 0, 0, 0.75256472826004, 0, -0.65851825475693, 0, 0, 0, 0, 1, },
		{ -0.75094604492188, 0, -0.66036355495453, 0, 0, 1, 0, 0, 0.66036355495453, 0, -0.75094604492188, 0, 0, 0, 0, 1, },
		{ -0.82262086868286, 0, -0.56859022378922, 0, 0, 1, 0, 0, 0.56859022378922, 0, -0.82262086868286, 0, 0, 0, 0, 1, },
		{ -0.87537401914597, 0, -0.48344615101814, 0, 0, 1, 0, 0, 0.48344615101814, 0, -0.87537401914597, 0, 0, 0, 0, 1, },
		{ -0.91191667318344, 0, -0.4103752374649, 0, 0, 1, 0, 0, 0.4103752374649, 0, -0.91191667318344, 0, 0, 0, 0, 1, },
		{ -0.93526077270508, 0, -0.35395929217339, 0, 0, 1, 0, 0, 0.35395929217339, 0, -0.93526077270508, 0, 0, 0, 0, 1, },
		{ -0.948106944561, 0, -0.31795161962509, 0, 0, 1, 0, 0, 0.31795161962509, 0, -0.948106944561, 0, 0, 0, 0, 1, },
		{ -0.95222973823547, 0, -0.30538243055344, 0, 0, 1, 0, 0, 0.30538243055344, 0, -0.95222973823547, 0, 0, 0, 0, 1, },
		{ -0.95222973823547, 0, -0.30538243055344, 0, 0, 1, 0, 0, 0.30538243055344, 0, -0.95222973823547, 0, 0, 0, 0, 1, },
	},
}
end
