function data()
return {
	times = { 0, 83.333, 125, 166.667, 208.333, 250, 291.667, 333.333, 375, 416.667, 458.333, 500, 541.667, 583.333, 625, 666.667, 708.333, 750, 791.667, 833.333, 875, 916.667, 958.333, 1000, 1041.667, 3333.333, },
	transfs = {
		{ 0.99992787837982, 0, 0.01201019436121, 0, 0, 1, 0, 0, -0.01201019436121, 0, 0.99992787837982, 0, 0, 0, 0, 1, },
		{ 0.99890857934952, 0, 0.046708714216948, 0, 0, 1, 0, 0, -0.046708714216948, 0, 0.99890857934952, 0, 0, 0, 0, 1, },
		{ 0.99478501081467, 0, 0.10199369490147, 0, 0, 1, 0, 0, -0.10199369490147, 0, 0.99478501081467, 0, 0, 0, 0, 1, },
		{ 0.98448646068573, 0, 0.17546015977859, 0, 0, 1, 0, 0, -0.17546015977859, 0, 0.98448646068573, 0, 0, 0, 0, 1, },
		{ 0.96447253227234, 0, 0.26418289542198, 0, 0, 1, 0, 0, -0.26418289542198, 0, 0.96447253227234, 0, 0, 0, 0, 1, },
		{ 0.93118453025818, 0, 0.36454820632935, 0, 0, 1, 0, 0, -0.36454820632935, 0, 0.93118453025818, 0, 0, 0, 0, 1, },
		{ 0.88149774074554, 0, 0.47218826413155, 0, 0, 1, 0, 0, -0.47218826413155, 0, 0.88149774074554, 0, 0, 0, 0, 1, },
		{ 0.81314879655838, 0, 0.58205580711365, 0, 0, 1, 0, 0, -0.58205580711365, 0, 0.81314879655838, 0, 0, 0, 0, 1, },
		{ 0.7250964641571, 0, 0.68864727020264, 0, 0, 1, 0, 0, -0.68864727020264, 0, 0.7250964641571, 0, 0, 0, 0, 1, },
		{ 0.61776477098465, 0, 0.78636294603348, 0, 0, 1, 0, 0, -0.78636294603348, 0, 0.61776477098465, 0, 0, 0, 0, 1, },
		{ 0.49312976002693, 0, 0.86995577812195, 0, 0, 1, 0, 0, -0.86995577812195, 0, 0.49312976002693, 0, 0, 0, 0, 1, },
		{ 0.35462138056755, 0, 0.93500995635986, 0, 0, 1, 0, 0, -0.93500995635986, 0, 0.35462138056755, 0, 0, 0, 0, 1, },
		{ 0.20684288442135, 0, 0.97837418317795, 0, 0, 1, 0, 0, -0.97837418317795, 0, 0.20684288442135, 0, 0, 0, 0, 1, },
		{ 0.055144321173429, 0, 0.99847841262817, 0, 0, 1, 0, 0, -0.99847841262817, 0, 0.055144321173429, 0, 0, 0, 0, 1, },
		{ -0.094897873699665, 0, 0.99548697471619, 0, 0, 1, 0, 0, -0.99548697471619, 0, -0.094897873699665, 0, 0, 0, 0, 1, },
		{ -0.23801194131374, 0, 0.97126215696335, 0, 0, 1, 0, 0, -0.97126215696335, 0, -0.23801194131374, 0, 0, 0, 0, 1, },
		{ -0.36969965696335, 0, 0.9291512966156, 0, 0, 1, 0, 0, -0.9291512966156, 0, -0.36969965696335, 0, 0, 0, 0, 1, },
		{ -0.48657813668251, 0, 0.87363702058792, 0, 0, 1, 0, 0, -0.87363702058792, 0, -0.48657813668251, 0, 0, 0, 0, 1, },
		{ -0.58655023574829, 0, 0.80991286039352, 0, 0, 1, 0, 0, -0.80991286039352, 0, -0.58655023574829, 0, 0, 0, 0, 1, },
		{ -0.66879308223724, 0, 0.74344855546951, 0, 0, 1, 0, 0, -0.74344855546951, 0, -0.66879308223724, 0, 0, 0, 0, 1, },
		{ -0.73357492685318, 0, 0.67960858345032, 0, 0, 1, 0, 0, -0.67960858345032, 0, -0.73357492685318, 0, 0, 0, 0, 1, },
		{ -0.78193843364716, 0, 0.62335568666458, 0, 0, 1, 0, 0, -0.62335568666458, 0, -0.78193843364716, 0, 0, 0, 0, 1, },
		{ -0.81528115272522, 0, 0.57906526327133, 0, 0, 1, 0, 0, -0.57906526327133, 0, -0.81528115272522, 0, 0, 0, 0, 1, },
		{ -0.83488810062408, 0, 0.55041974782944, 0, 0, 1, 0, 0, -0.55041974782944, 0, -0.83488810062408, 0, 0, 0, 0, 1, },
		{ -0.84143888950348, 0, 0.54035234451294, 0, 0, 1, 0, 0, -0.54035234451294, 0, -0.84143888950348, 0, 0, 0, 0, 1, },
		{ -0.84143888950348, 0, 0.54035234451294, 0, 0, 1, 0, 0, -0.54035234451294, 0, -0.84143888950348, 0, 0, 0, 0, 1, },
	},
}
end
