function data()
return {
	times = { 41.667, 83.333, 125, 166.667, 208.333, 250, 291.667, 333.333, 375, 416.667, 458.333, 500, 541.667, 583.333, 625, 666.667, 708.333, 750, 791.667, 833.333, 875, 916.667, 958.333, 1000, 1041.667, 3333.333, },
	transfs = {
		{ 1, 0, 0, 0, 0, 0.99989837408066, 0.014251633547246, 0, 0, -0.014251633547246, 0.99989837408066, 0, 0, 0, 0, 1, },
		{ 1, 0, 0, 0, 0, 0.99846321344376, 0.05541817471385, 0, 0, -0.05541817471385, 0.99846321344376, 0, 0, 0, 0, 1, },
		{ 1, 0, 0, 0, 0, 0.9926592707634, 0.12094379961491, 0, 0, -0.12094379961491, 0.9926592707634, 0, 0, 0, 0, 1, },
		{ 1, 0, 0, 0, 0, 0.97817832231522, 0.20776677131653, 0, 0, -0.20776677131653, 0.97817832231522, 0, 0, 0, 0, 1, },
		{ 1, 0, 0, 0, 0, 0.9500949382782, 0.31196063756943, 0, 0, -0.31196063756943, 0.9500949382782, 0, 0, 0, 0, 1, },
		{ 1, 0, 0, 0, 0, 0.90355890989304, 0.42846369743347, 0, 0, -0.42846369743347, 0.90355890989304, 0, 0, 0, 0, 1, },
		{ 1, 0, 0, 0, 0, 0.83450871706009, 0.55099469423294, 0, 0, -0.55099469423294, 0.83450871706009, 0, 0, 0, 0, 1, },
		{ 1, 0, 0, 0, 0, 0.74035000801086, 0.67222148180008, 0, 0, -0.67222148180008, 0.74035000801086, 0, 0, 0, 0, 1, },
		{ 1, 0, 0, 0, 0, 0.62051463127136, 0.78419482707977, 0, 0, -0.78419482707977, 0.62051463127136, 0, 0, 0, 0, 1, },
		{ 1, 0, 0, 0, 0, 0.47679650783539, 0.87901365756989, 0, 0, -0.87901365756989, 0.47679650783539, 0, 0, 0, 0, 1, },
		{ 1, 0, 0, 0, 0, 0.31338739395142, 0.94962537288666, 0, 0, -0.94962537288666, 0.31338739395142, 0, 0, 0, 0, 1, },
		{ 1, 0, 0, 0, 0, 0.13656660914421, 0.99063086509705, 0, 0, -0.99063086509705, 0.13656660914421, 0, 0, 0, 0, 1, },
		{ 1, 0, 0, 0, 0, -0.045924302190542, 0.99894487857819, 0, 0, -0.99894487857819, -0.045924302190542, 0, 0, 0, 0, 1, },
		{ 1, 0, 0, 0, 0, -0.22574059665203, 0.97418743371964, 0, 0, -0.97418743371964, -0.22574059665203, 0, 0, 0, 0, 1, },
		{ 1, 0, 0, 0, 0, -0.39489370584488, 0.91872680187225, 0, 0, -0.91872680187225, -0.39489370584488, 0, 0, 0, 0, 1, },
		{ 1, 0, 0, 0, 0, -0.54663825035095, 0.83736878633499, 0, 0, -0.83736878633499, -0.54663825035095, 0, 0, 0, 0, 1, },
		{ 1, 0, 0, 0, 0, -0.67615902423859, 0.73675566911697, 0, 0, -0.73675566911697, -0.67615902423859, 0, 0, 0, 0, 1, },
		{ 1, 0, 0, 0, 0, -0.78095036745071, 0.62459307909012, 0, 0, -0.62459307909012, -0.78095036745071, 0, 0, 0, 0, 1, },
		{ 1, 0, 0, 0, 0, -0.86085593700409, 0.50884872674942, 0, 0, -0.50884872674942, -0.86085593700409, 0, 0, 0, 0, 1, },
		{ 1, 0, 0, 0, 0, -0.91779327392578, 0.39705857634544, 0, 0, -0.39705857634544, -0.91779327392578, 0, 0, 0, 0, 1, },
		{ 1, 0, 0, 0, 0, -0.95523428916931, 0.29585021734238, 0, 0, -0.29585021734238, -0.95523428916931, 0, 0, 0, 0, 1, },
		{ 1, 0, 0, 0, 0, -0.97754991054535, 0.2107038795948, 0, 0, -0.2107038795948, -0.97754991054535, 0, 0, 0, 0, 1, },
		{ 1, 0, 0, 0, 0, -0.98928779363632, 0.14597779512405, 0, 0, -0.14597779512405, -0.98928779363632, 0, 0, 0, 0, 1, },
		{ 1, 0, 0, 0, 0, -0.99446040391922, 0.10511192679405, 0, 0, -0.10511192679405, -0.99446040391922, 0, 0, 0, 0, 1, },
		{ 1, 0, 0, 0, 0, -0.99585753679276, 0.090927444398403, 0, 0, -0.090927444398403, -0.99585753679276, 0, 0, 0, 0, 1, },
		{ 1, 0, 0, 0, 0, -0.99585753679276, 0.090927444398403, 0, 0, -0.090927444398403, -0.99585753679276, 0, 0, 0, 0, 1, },
	},
}
end
