function data()
return {
	times = { 41.667, 83.333, 125, 166.667, 208.333, 250, 291.667, 333.333, 375, 416.667, 458.333, 500, 541.667, 583.333, 625, 666.667, 708.333, 750, 791.667, 833.333, 875, 916.667, 958.333, 1000, 1041.667, 3333.333, },
	transfs = {
		{ 1, 0, 0, 0, 0, 0.99989461898804, -0.014512649737298, 0, 0, 0.014512649737298, 0.99989461898804, 0, 0, 0, 0, 1, },
		{ 1, 0, 0, 0, 0, 0.99840641021729, -0.056432157754898, 0, 0, 0.056432157754898, 0.99840641021729, 0, 0, 0, 0, 1, },
		{ 1, 0, 0, 0, 0, 0.9923882484436, -0.12314786761999, 0, 0, 0.12314786761999, 0.9923882484436, 0, 0, 0, 0, 1, },
		{ 1, 0, 0, 0, 0, 0.97737473249435, -0.21151499450207, 0, 0, 0.21151499450207, 0.97737473249435, 0, 0, 0, 0, 1, },
		{ 1, 0, 0, 0, 0, 0.94826620817184, -0.31747627258301, 0, 0, 0.31747627258301, 0.94826620817184, 0, 0, 0, 0, 1, },
		{ 1, 0, 0, 0, 0, 0.90005433559418, -0.43577769398689, 0, 0, 0.43577769398689, 0.90005433559418, 0, 0, 0, 0, 1, },
		{ 1, 0, 0, 0, 0, 0.82857173681259, -0.5598828792572, 0, 0, 0.5598828792572, 0.82857173681259, 0, 0, 0, 0, 1, },
		{ 1, 0, 0, 0, 0, 0.73120599985123, -0.68215668201447, 0, 0, 0.68215668201447, 0.73120599985123, 0, 0, 0, 0, 1, },
		{ 1, 0, 0, 0, 0, 0.60748356580734, -0.79433226585388, 0, 0, 0.79433226585388, 0.60748356580734, 0, 0, 0, 0, 1, },
		{ 1, 0, 0, 0, 0, 0.45941737294197, -0.88822048902512, 0, 0, 0.88822048902512, 0.45941737294197, 0, 0, 0, 0, 1, },
		{ 1, 0, 0, 0, 0, 0.29152935743332, -0.95656186342239, 0, 0, 0.95656186342239, 0.29152935743332, 0, 0, 0, 0, 1, },
		{ 1, 0, 0, 0, 0, 0.1105066165328, -0.9938753247261, 0, 0, 0.9938753247261, 0.1105066165328, 0, 0, 0, 0, 1, },
		{ 1, 0, 0, 0, 0, -0.075480826199055, -0.99714726209641, 0, 0, 0.99714726209641, -0.075480826199055, 0, 0, 0, 0, 1, },
		{ 1, 0, 0, 0, 0, -0.25770372152328, -0.96622389554977, 0, 0, 0.96622389554977, -0.25770372152328, 0, 0, 0, 0, 1, },
		{ 1, 0, 0, 0, 0, -0.42789188027382, -0.90382993221283, 0, 0, 0.90382993221283, -0.42789188027382, 0, 0, 0, 0, 1, },
		{ 1, 0, 0, 0, 0, -0.57916873693466, -0.81520760059357, 0, 0, 0.81520760059357, -0.57916873693466, 0, 0, 0, 0, 1, },
		{ 1, 0, 0, 0, 0, -0.70676022768021, -0.70745319128036, 0, 0, 0.70745319128036, -0.70676022768021, 0, 0, 0, 0, 1, },
		{ 1, 0, 0, 0, 0, -0.80836641788483, -0.58867961168289, 0, 0, 0.58867961168289, -0.80836641788483, 0, 0, 0, 0, 1, },
		{ 1, 0, 0, 0, 0, -0.88416969776154, -0.46716579794884, 0, 0, 0.46716579794884, -0.88416969776154, 0, 0, 0, 0, 1, },
		{ 1, 0, 0, 0, 0, -0.93651300668716, -0.35063290596008, 0, 0, 0.35063290596008, -0.93651300668716, 0, 0, 0, 0, 1, },
		{ 1, 0, 0, 0, 0, -0.96933048963547, -0.24576091766357, 0, 0, 0.24576091766357, -0.96933048963547, 0, 0, 0, 0, 1, },
		{ 1, 0, 0, 0, 0, -0.98744267225266, -0.15797723829746, 0, 0, 0.15797723829746, -0.98744267225266, 0, 0, 0, 0, 1, },
		{ 1, 0, 0, 0, 0, -0.99580389261246, -0.091512754559517, 0, 0, 0.091512754559517, -0.99580389261246, 0, 0, 0, 0, 1, },
		{ 1, 0, 0, 0, 0, -0.99876540899277, -0.0496741309762, 0, 0, 0.0496741309762, -0.99876540899277, 0, 0, 0, 0, 1, },
		{ 1, 0, 0, 0, 0, -0.99938130378723, -0.035169642418623, 0, 0, 0.035169642418623, -0.99938130378723, 0, 0, 0, 0, 1, },
		{ 1, 0, 0, 0, 0, -0.99938130378723, -0.035169642418623, 0, 0, 0.035169642418623, -0.99938130378723, 0, 0, 0, 0, 1, },
	},
}
end
